--- WORD-RECOMMENDER RESULTS ---
K = 2 MAP@10 = 0.04116514341553148
K = 5 MAP@10 = 0.024873541415186544
K = 10 MAP@10 = 0.019742935974182762
K = 15 MAP@10 = 0.023897593181090346