--- ITEM-KNN RESULTS ---
K = 2 MAP@10 = 0.0027122902963565153
K = 5 MAP@10 = 0.0035743026301743325
K = 10 MAP@10 = 0.006185590290608396
K = 15 MAP@10 = 0.005974244327839774
